2177.3908925919727
81.74446200219316
80.0329689632505
76.87259612547584
73.85956821008749
72.32148579800126
69.91865234785891
68.17533849548894
67.08444082855863
65.05067298491727
63.82027140397684
62.556985953772525
62.06060998692128
59.46851501827987
59.1601182779417
56.77030879498485
56.301580311456455
55.524710180498246
54.494878085501874
53.850669097181495
52.67298911404392
52.08999444085377
50.37608067427042
49.66449060600786
48.481942269723596
48.11434792337213
47.47380851517865
46.82096765792684
45.18545400040745
44.095087198484606
43.53934314567795
42.572525857864754
41.54888052513028
41.27482829690134
40.36020047776808
40.158893214746485
39.16128318057874
38.74008368972934
37.88021335220113
36.95093016336517
36.30951356171271
35.807441199763254
34.77591304352738
34.121340548355235
33.42578076736991
32.61386117354578
32.22635423054445
31.470117331096663
30.50286017465558
30.028248246547427
29.903792127820093
28.92260693650417
27.86761422005967
27.59569748863577
27.10492384985381
26.45990395115296
26.20242848590514
26.108761689356204
25.402267896299144
25.03601917110176
23.832307769042345
23.478124374496243
23.05796451857136
21.520948198138434
21.10284606510508
20.989856244705773
20.424954218477446
19.75051893146762
19.627588886976937
18.825237219247096
18.41035317272169
17.965617352428946
17.257908924628204
16.637317333088184
16.120970873908654
15.542594114620918
15.145111156224091
14.792477704543213
14.650651710419336
14.024183694515555
13.020317785060353
12.077245320494056
10.849305911931515
10.229395716611222
9.797797897948826
8.960635961053692
8.095750473883573
7.868138777696709
7.165945248836451
6.827181256149032
6.348680446375432
5.6608456901671715
5.1920603030959915
4.473004446262517
4.260892939328146
3.930523285812419
3.4424406656037583
2.981940178235655
2.2386834161289455
0.8788575434905064
6.418290594430485e-05
2.5589232928821452e-05
1.6365765989792405e-05
1.4322920345470978e-05
1.199416664397378e-05
1.0404964287198617e-05
8.926732757426382e-06
8.32872957598005e-06
7.191675012823319e-06
6.6918218660840345e-06
5.852810632360169e-06
5.4114820758185846e-06
4.893849257754214e-06
4.6697774069153844e-06
4.391200442380903e-06
4.015440262311617e-06
3.918872073858495e-06
3.5922308913438293e-06
3.3424107845904443e-06
3.2237232976709495e-06
3.0882217731695595e-06
2.986984303468361e-06
2.8092620111241978e-06
2.7308080247245232e-06
2.640331740076916e-06
2.5339554176892237e-06
2.4569365774687202e-06
2.397547765670058e-06
2.3143020838591227e-06
2.251308867304449e-06
2.193345342260004e-06
2.141774102536475e-06
2.063872271237882e-06
1.97696184223802e-06
1.939855514925621e-06
1.807732758584002e-06
1.7618570676566776e-06
1.71151672243293e-06
1.6702482839637226e-06
1.6069689967921541e-06
1.5671558988441246e-06
1.5214157848994993e-06
1.4780317855062448e-06
1.4529689977647352e-06
1.4113806263402245e-06
1.3986520193089546e-06
1.315820711992503e-06
1.2966733596706521e-06
1.2514034264764155e-06
1.2394232458519753e-06
1.2277114990409172e-06
1.2018627517342225e-06
1.1801554943256324e-06
1.1586503391232297e-06
1.1297110725692583e-06
1.1120387877065137e-06
1.0549555352330277e-06
1.0262039287894416e-06
9.979705119905884e-07
9.77235564866162e-07
9.539457901008344e-07
9.390730486505108e-07
9.236754282967189e-07
8.86249838230287e-07
8.758200196309304e-07
8.495768618569518e-07
8.187680695834161e-07
8.018419124628836e-07
7.873892147897135e-07
7.751021491617902e-07
7.61717017962789e-07
7.402546770093139e-07
7.210812230233501e-07
7.079081014860453e-07
7.027254836053232e-07
6.934912511814102e-07
6.789857938035397e-07
6.625304859125783e-07
6.539985196294351e-07
6.400181896894226e-07
6.301327186751025e-07
6.26687262751505e-07
6.155604498601423e-07
6.039705281043511e-07
5.979899691443381e-07
5.849624747560443e-07
5.731238750791274e-07
5.641715136160672e-07
5.503235858555714e-07
5.330271056165223e-07
5.262914111653232e-07
5.219463704445347e-07
5.105331088331148e-07
5.078681832743e-07
4.974008677385966e-07
4.91956504758972e-07
4.831536401601026e-07
4.612696892477227e-07
4.5862544280809554e-07
4.484378012347342e-07
4.39435544879522e-07
4.342475980948738e-07
4.250014313190574e-07
4.2153612447136486e-07
4.120597192163806e-07
3.973754955564093e-07
3.94811465947158e-07
3.8577349829260274e-07
3.782379290989623e-07
3.6552606801771955e-07
3.600219006432563e-07
3.5025524736820615e-07
3.407739457896166e-07
3.365391298131011e-07
3.33785226529239e-07
3.2889140944644026e-07
3.2206238516041357e-07
3.172869401717116e-07
3.126889781788309e-07
3.081649043391574e-07
3.056425141041462e-07
2.987449990133806e-07
2.938766817087472e-07
2.8488444676876136e-07
2.802507868788361e-07
2.7340297739272545e-07
2.7137067454436016e-07
2.672893779550929e-07
2.593359899134026e-07
2.548952585245996e-07
2.4935906034455694e-07
2.4303476905438943e-07
2.3831351444288881e-07
2.3521031485943944e-07
2.326313275009436e-07
2.2901274985438268e-07
2.2633403480623286e-07
2.244506442296995e-07
2.1361165535356422e-07
2.0905240519354073e-07
2.032048546196931e-07
2.0168627094980737e-07
1.9730485629627514e-07
1.9359226321341536e-07
1.8774439146311215e-07
1.8262307902966138e-07
1.8035709300203293e-07
1.7497787341769845e-07
1.7034188068189847e-07
1.6636787253294962e-07
1.6225193106126743e-07
1.60693868915956e-07
1.5646017122375519e-07
1.526347310019099e-07
1.4522656483383484e-07
1.4242879657493247e-07
1.3902752590098105e-07
1.3465511279439927e-07
1.3266539549224696e-07
1.2762343762301666e-07
1.2600928448180674e-07
1.213271690041123e-07
1.182665498885326e-07
1.1187608123511998e-07
1.0975626612648043e-07
1.0561931981686811e-07
1.0306529449623515e-07
9.85607903608473e-08
9.623440719878776e-08
9.28197717383695e-08
9.053643680891321e-08
8.603962108492168e-08
8.299261806616042e-08
8.057370149538855e-08
7.785994165892234e-08
7.321545694267223e-08
6.993727740480295e-08
6.844933178702174e-08
6.622665239223378e-08
6.160618947657472e-08
6.027304463271576e-08
5.749062578531184e-08
5.449897389591839e-08
5.1332604423812644e-08
5.0446664438436086e-08
4.556278634059751e-08
4.3598301168270736e-08
4.209200943555263e-08
3.882444148550747e-08
3.5867796568584195e-08
3.425841088269101e-08
3.295723478448983e-08
3.0573262571549116e-08
2.5453599738080428e-08
2.463680592327492e-08
2.1767682689053786e-08
2.1178596691052618e-08
1.7766518510786263e-08
1.4066752987774707e-08
1.1704194068710463e-08
9.344508058935936e-09
6.426221960778816e-09
3.0654598811854513e-09
2.6680174869676827e-09
