3721.0297476423975
148.4330950229297
128.91320145219612
120.44882169450648
112.32724683142739
107.99320403423874
106.61104716776825
103.6536531934853
92.89964141957677
91.5477329385661
88.9376027357843
86.64570679743888
83.58087894388639
82.12913142797692
76.5461111027764
75.24945985809333
72.8896582370972
70.95249899840795
68.43514327364393
67.8321892585752
65.94550540397209
64.03865233851556
62.82755311024581
61.6686025284545
60.469072120718586
57.02363569262845
55.5460099359481
54.30863799072821
53.67200735956011
49.566928450658295
48.28093154724865
47.91690976686368
45.75576671154079
44.75240584440487
42.75763755891164
42.245462765118766
40.56268986800605
39.98408328508785
39.01911811148572
38.14135613790512
36.28373128908251
35.20749120988518
34.20400016876177
32.87414118350029
31.855687828068493
30.97242853026006
30.51722030447241
28.59370414359683
28.114911428763588
26.376580325870016
24.953395339192323
24.20396600491967
23.655826079678775
22.64072676092127
22.15973977812296
20.244195930404274
19.148714455891717
18.55497325282661
18.151165315701675
17.465057332393616
16.814418008765756
16.490617412884806
14.926225253691989
14.060442824497551
13.53635308889693
12.901546111351808
12.326161053288471
11.693092582536298
11.330639072827472
10.440893799506018
9.980016720413039
9.70979902332489
8.893250795844995
8.57667930932159
8.1605902330668
8.113577430739797
7.152021925578421
6.880369918622014
6.752437450312535
5.170423251102927
4.978049946878069
4.6990001345708405
4.323747095880758
4.192937538269013
3.9773143617561417
3.6019685158595167
2.7752396094338962
2.3017916714816513
2.0299469900182605
1.6340654859623318
1.5296659861024064
1.132330951201209
1.0665326484091593
0.8025760755124761
0.3736393451804326
0.02975340499314844
0.00015639645383893678
7.044862002729054e-05
5.005706629313013e-05
3.623695643200414e-05
2.960362027244277e-05
2.531209413142222e-05
1.93943899348636e-05
1.8164902170602158e-05
1.694855278630942e-05
1.4741015292196312e-05
1.2799972615456665e-05
1.2034212294200496e-05
1.1481476225244573e-05
1.0225960114499768e-05
9.707970229650819e-06
9.576692570768861e-06
8.763995711041068e-06
8.134191668611326e-06
7.789177952465107e-06
7.266477367204574e-06
6.999266655658164e-06
6.912929698030732e-06
6.504322794620683e-06
6.268270399723361e-06
5.824939061797275e-06
5.5716420699564435e-06
5.380535762240679e-06
5.2754988018324e-06
4.86568468197523e-06
4.628559236249715e-06
4.490750529455059e-06
4.311951455784213e-06
4.260785209120243e-06
4.167055157368295e-06
4.0918884314621545e-06
3.842715588783672e-06
3.7104456682177516e-06
3.636858319995305e-06
3.505008944365554e-06
3.4509731394012316e-06
3.3360902874687228e-06
3.238226200092476e-06
3.1346935255002233e-06
3.0374147939700964e-06
2.936604884187964e-06
2.8909341525100137e-06
2.8173386528754383e-06
2.753269433867057e-06
2.7255289190984845e-06
2.615273083345411e-06
2.486526432021455e-06
2.4602318454503708e-06
2.4464806719828632e-06
2.3792404179438467e-06
2.322763584943307e-06
2.2620349423347945e-06
2.233325495122946e-06
2.196339522519322e-06
2.1518229587057236e-06
2.090635123792126e-06
2.0287917571601816e-06
1.9704568652704726e-06
1.955979649384292e-06
1.900410966437472e-06
1.8811998323176404e-06
1.8262964324283735e-06
1.7921460471035636e-06
1.7498195309086475e-06
1.7266698486473716e-06
1.6651437157401626e-06
1.6245375221373274e-06
1.6033476167128685e-06
1.5503192845635872e-06
1.5223710565525343e-06
1.4745791094125382e-06
1.4498379728636377e-06
1.40959244767462e-06
1.3790178028427235e-06
1.3607840206641204e-06
1.335043015746388e-06
1.3065147739488396e-06
1.2937453004299402e-06
1.2733479315837074e-06
1.227359602148542e-06
1.2107529801567515e-06
1.2027375164590165e-06
1.1746091188488388e-06
1.1568198797594344e-06
1.1367879042284406e-06
1.1153102822555826e-06
1.079011230082943e-06
1.0581193042095636e-06
1.047790181616227e-06
1.0224084596563413e-06
9.882218167432848e-07
9.672643528345165e-07
9.455772267994041e-07
9.22379857291234e-07
9.077439143706559e-07
8.90156439700669e-07
8.778421490988658e-07
8.487871935488217e-07
8.462467469092603e-07
8.25305207772836e-07
8.06718947156163e-07
7.834044380622511e-07
7.656668704540221e-07
7.38503897427668e-07
7.328843467110522e-07
7.313048914660715e-07
7.132775276553223e-07
6.852418159851907e-07
6.757259317587484e-07
6.644068525348653e-07
6.558855170857805e-07
6.399854595377733e-07
6.234908238652199e-07
6.095168635029041e-07
5.97425703186894e-07
5.849638446025762e-07
5.7657676763129e-07
5.632014063405703e-07
5.483373047600942e-07
5.329277948877768e-07
5.246045676774198e-07
5.082833613555468e-07
4.998625076513093e-07
4.871758642629003e-07
4.742993721911498e-07
4.6658743857393425e-07
4.5277112929977106e-07
4.4377852909012317e-07
4.3760628693612434e-07
4.24254809550814e-07
4.1942323118923267e-07
4.1070409172545376e-07
3.9187980842753123e-07
3.892668005635886e-07
3.73882676490928e-07
3.640453060556799e-07
3.504115807665299e-07
3.4464447341284605e-07
3.3009600634546137e-07
3.2864920054257366e-07
3.1513088986954993e-07
3.0345762612633444e-07
2.993822794786189e-07
2.921994199264685e-07
2.805933463781795e-07
2.7463703977998413e-07
2.6670487280286173e-07
2.6222495587984934e-07
2.518236876884467e-07
2.445444016709173e-07
2.332844811606334e-07
2.259135786256383e-07
2.1797416364547394e-07
2.099507814574155e-07
1.9909726117108937e-07
1.96590397920206e-07
1.9142884678701787e-07
1.8485982284601997e-07
1.768999897886204e-07
1.6888019853488436e-07
1.665782572598824e-07
1.591302565910573e-07
1.5336138765011014e-07
1.461375641056603e-07
1.4155428317082825e-07
1.3557632900160078e-07
1.2598971083334456e-07
1.226335973518883e-07
1.177556887662081e-07
1.1507280305446137e-07
1.0973528791316586e-07
1.0273584452131485e-07
9.663679170496624e-08
9.199133137504633e-08
8.976176039334271e-08
8.459731204232688e-08
7.98746351644639e-08
7.620040445569623e-08
6.745009764779274e-08
6.55454686479105e-08
6.164029843199642e-08
5.360816949499779e-08
5.19843192638811e-08
4.888113162580034e-08
4.486927236952546e-08
3.8914111427370744e-08
3.490413168445804e-08
3.266129395571213e-08
2.9194083718942577e-08
2.421134615060014e-08
2.011790423237042e-08
1.792018269211712e-08
1.6013022772085543e-08
1.1710597332757076e-08
8.29753355108329e-09
4.7949050389692285e-09
1.9861213617793578e-09
