1710.3965643234335
45.621786294829036
43.130709814380474
41.349592785247594
39.30838966975006
38.05417066325155
37.64305582363692
37.051134361210494
36.936982077564956
34.983207003414066
34.11740298492114
32.97308924707167
31.54456789471934
30.566123030864393
30.017836080048948
29.761027337969153
28.38733011781735
27.72321972199791
26.938349599069177
26.658676144010833
25.728041700974938
25.366251993325168
25.06122252462857
24.357651442599682
23.609197369469083
23.107986425135255
22.561690429336156
21.972793359597446
21.593280227937488
21.087869653144022
21.02288221202262
19.73215298734816
19.552787316532186
19.449284188601403
18.63365296555307
18.192669859679036
17.546060304370044
17.12585107942984
16.715829305939774
16.602475305655883
15.907188376690705
15.697435450833009
15.470270162701812
15.042169377407903
14.82602016087237
14.081336499128149
13.695706594184292
13.129841663727605
12.900885356252331
12.604646314950358
12.290432495544307
11.946825816055958
11.655695033222479
11.533300508394369
11.204322390738572
10.948858954168138
10.159302835375248
10.081538676063182
9.800676197697229
9.623582289062902
9.25926585445876
9.149656146976454
9.066839535492882
8.668761818031438
8.38087472728889
8.255213686454066
7.833164434630839
7.433200353576361
7.276439323111221
7.022954149398565
6.825640815441444
6.569863460840784
6.45928714215812
6.364006925794603
6.291970619957783
5.839077867750444
5.565487853061456
5.381138755835939
5.243614410763861
4.936708087309374
4.792185125447306
4.425179243272434
4.3682846458503235
4.00824911117651
3.7435371194048193
3.5742258411083805
3.379504058278881
3.1227451507910966
2.941341917775403
2.7421584079031063
2.6469914695193966
2.2547709351704066
1.7921748832215667
1.4033735682229218
1.3470241402393832
0.9036424511780456
0.8199422415149316
0.60779836819201
0.3577013882257348
0.11806853526725658
5.174445399913459e-06
2.611134729191062e-06
2.212097448029387e-06
1.5055212898153817e-06
1.1866731828032798e-06
1.0610661503342213e-06
9.031402061598324e-07
8.177058189172269e-07
7.215540905294059e-07
6.359658832513559e-07
5.877779455993705e-07
5.63126008642026e-07
5.448578305050079e-07
5.068536127345947e-07
4.27943814118262e-07
4.0923966125286206e-07
3.904253393696239e-07
3.6747432156866785e-07
3.452687528935711e-07
3.323995625633535e-07
3.141139192110832e-07
3.018767163110539e-07
2.9315541127848044e-07
2.795267617221255e-07
2.7162326166792975e-07
2.576107309650217e-07
2.519876253915589e-07
2.4667855277879245e-07
2.2583960788887565e-07
2.1909315375771328e-07
2.072277415800348e-07
1.990088091363141e-07
1.9102979060086367e-07
1.81462268164617e-07
1.7719576601797194e-07
1.7310333185598502e-07
1.6932337980898908e-07
1.6305486622311509e-07
1.6029232511317954e-07
1.5418996152348708e-07
1.5152526853552345e-07
1.4524636336296597e-07
1.416112300821693e-07
1.3645994355963268e-07
1.3504698195837563e-07
1.3279632833636572e-07
1.2936807386627835e-07
1.2553361849270324e-07
1.2082677134730592e-07
1.1729920411399816e-07
1.1407705716101025e-07
1.1162266838306285e-07
1.0875301938756547e-07
1.0801636294552403e-07
1.0603643555316541e-07
1.0308422131113335e-07
1.0041935160432186e-07
9.738346864411776e-08
9.518317062422659e-08
9.330810143935096e-08
8.834748736326866e-08
8.708684511282786e-08
8.620563718456937e-08
8.571785642613274e-08
8.386870499559807e-08
8.204177202112279e-08
8.1082563078512e-08
7.856209927486239e-08
7.721605019247296e-08
7.508722244078259e-08
7.37679448389699e-08
7.166437806177155e-08
7.02523007829031e-08
6.862294473867771e-08
6.68325849710378e-08
6.490816968625983e-08
6.383438016257486e-08
6.199726789268338e-08
6.022861334450093e-08
5.952132310641332e-08
5.868977603529194e-08
5.739627140267038e-08
5.64576683967214e-08
5.486726187558375e-08
5.268852136983429e-08
5.241878018126662e-08
5.156567679337907e-08
5.081777699417535e-08
5.0287625089959885e-08
4.9232577528817236e-08
4.8577495000246706e-08
4.777719251081475e-08
4.604583727206109e-08
4.5401015598408844e-08
4.506406782038733e-08
4.430669816277282e-08
4.301467340189773e-08
4.2665935180038854e-08
4.194428804016063e-08
4.1535730678281963e-08
4.035925151539781e-08
3.9627938639047596e-08
3.905970194314689e-08
3.8231883556855375e-08
3.770126042828417e-08
3.6001230830000325e-08
3.5441179319491206e-08
3.489228090446011e-08
3.426630165303517e-08
3.375412443210451e-08
3.301755222110128e-08
3.200865551175713e-08
3.144017552265833e-08
3.088463248406037e-08
3.035828878728026e-08
3.010700352372876e-08
2.9152948130372763e-08
2.8920145209896372e-08
2.8210809546397756e-08
2.7432957642973546e-08
2.7095893854780042e-08
2.6293802356186622e-08
2.5975036315744552e-08
2.566349076745245e-08
2.476362125469835e-08
2.458882248156872e-08
2.4079037892394227e-08
2.3363494284058124e-08
2.284344907707992e-08
2.2127199672422092e-08
2.154692828558547e-08
2.0921430994036098e-08
2.0503722342620486e-08
1.975453108151256e-08
1.9166194656477815e-08
1.856985542300944e-08
1.8291910595368166e-08
1.8049283662006616e-08
1.7591725802648713e-08
1.726499148544886e-08
1.6332919113569084e-08
1.587351145531402e-08
1.5665942901307656e-08
1.5196197260010553e-08
1.4583926818076416e-08
1.444344635490475e-08
1.3914528851860257e-08
1.3491128784951167e-08
1.3279291669173425e-08
1.2499353197691686e-08
1.2141297717441305e-08
1.1718831869740274e-08
1.1367634306892978e-08
1.1127814214495424e-08
1.042007902558197e-08
1.0028286629295492e-08
9.957419045854756e-09
9.542125035026795e-09
9.295415174815765e-09
8.875366705146573e-09
8.65978484302962e-09
8.410509608076832e-09
7.977065764420228e-09
7.941857200050175e-09
7.518656034874786e-09
7.4332238835496785e-09
7.114546706903468e-09
6.79057733128443e-09
6.407583243908782e-09
6.154244398655866e-09
5.997072668020845e-09
5.63155238598489e-09
5.488689447203353e-09
5.341626223290478e-09
5.195758218469444e-09
4.675372517081411e-09
4.340770989134734e-09
4.013205118108761e-09
3.7870948724584e-09
3.692761191899237e-09
3.5511670115463202e-09
3.170182505327204e-09
2.9219486492370386e-09
2.7399356234435354e-09
2.4290196654337545e-09
2.345807515842838e-09
2.159045612355142e-09
2.0420272340827254e-09
1.8503402205433452e-09
1.5274389488118853e-09
1.406896918609977e-09
1.1064635727759574e-09
1.0428289800177319e-09
9.205504834613267e-10
7.411056523450206e-10
6.710905876220957e-10
5.241984083161008e-10
3.893235023130096e-10
2.9537838191698454e-10
1.411534108994688e-10
7.487659294146544e-11
