126.72121762707866
24.167551095905782
11.579322441826502
6.6942605861984745
5.007188865803635
4.481714184102195
3.3076551766830997
2.6377310488483805
2.365200432048731
2.1940653554432936
2.014375644962973
1.906364108502965
1.7916825319896952
1.760804462639984
1.6857845971754346
1.6206146009390343
1.5398523206510784
1.466425952252774
1.4215810579317654
1.327822680848348
1.308202110387999
1.2462379018836653
1.1820446329309173
1.12826949715255
1.09697667402624
1.0434088800931791
1.015125290922367
0.9910092808680289
0.9538046196361214
0.9369925008544833
0.9249974337393579
0.913976151301768
0.8835053185447072
0.8491281693172076
0.8352704497381924
0.819560142218703
0.799341649440667
0.764863570758357
0.7328730061603831
0.717627918801228
0.7154903883376904
0.6919841714631646
0.6792474931739503
0.6643992780647355
0.6578973418014147
0.6337603049692727
0.6127880682603543
0.6010136644876257
0.5933732708539928
0.5792887068783188
0.56906828517808
0.5469372795348768
0.5294033447959959
0.5115516996130954
0.49741771049703787
0.49466221822157586
0.47880331558374123
0.46791933666523056
0.4520809327242279
0.43443246266353863
0.43337371491659016
0.41957890608242066
0.40689731195455026
0.4032422760641871
0.38473858860637977
0.3578348469704665
0.35025607903544653
0.3391384948040377
0.3343316691861147
0.32382965016083287
0.30937402015929005
0.3023658101977874
0.3000588606343915
0.2779676520538222
0.272849664972365
0.26485366657780335
0.25601175484608607
0.23767432307458086
0.22989024261556434
0.21968198545311043
0.19566983342842278
0.18955294676643591
0.1684018008868593
0.15446138161984
0.14494715854170104
0.13245151153433324
0.12579517866000972
0.11668813181037142
0.10913752023644102
0.10340926508418984
0.08718347057832705
0.06096176066274904
0.041288328361432126
0.03852370826959123
0.03809864928193855
0.02704423275819598
0.01792554422793095
0.01742765861930216
0.01611960952386935
0.012690052898285604
2.5566101620159955e-05
1.2246992765433643e-05
7.864019392187049e-06
6.046427407223689e-06
4.4818987176312154e-06
3.791301694099373e-06
3.290126299552194e-06
3.0375703880577034e-06
2.520639695305705e-06
2.261295410951738e-06
1.9938088522468345e-06
1.8543757333311983e-06
1.6852012600616527e-06
1.5703751861439088e-06
1.5182912645638417e-06
1.4679919261262275e-06
1.3510898869085822e-06
1.22365400500891e-06
1.1716558522252598e-06
1.1027502518083086e-06
1.0890816385954474e-06
1.0278680309806539e-06
9.553378872333443e-07
8.802270965182953e-07
8.658561658368299e-07
8.333529560734775e-07
7.889137198942718e-07
7.784194114182769e-07
7.614169367266363e-07
7.437439164374064e-07
7.185179525185683e-07
7.06237591006604e-07
6.817550780523049e-07
6.684014914936622e-07
6.344979998063133e-07
6.179861801152441e-07
5.944870062412309e-07
5.735578034315202e-07
5.506789206974915e-07
5.437157621595327e-07
5.321162454758873e-07
5.183304067468018e-07
5.043063092682728e-07
4.889249888579674e-07
4.797790044834037e-07
4.6032959440959877e-07
4.4181393868161006e-07
4.344084313206524e-07
4.189140786782207e-07
4.102521488941709e-07
4.0042787228105146e-07
3.9038907931314865e-07
3.7616664928195184e-07
3.693788522059203e-07
3.5118102940836647e-07
3.3789480596736756e-07
3.280444454546331e-07
3.2217260980846057e-07
3.062191271938439e-07
2.9767147320628343e-07
2.9193252573940036e-07
2.893198466480074e-07
2.771765520932828e-07
2.745648970130758e-07
2.6940448780539576e-07
2.6428786544230915e-07
2.609761888190325e-07
2.5639450171948186e-07
2.490816265213624e-07
2.4207674691637134e-07
2.3750241140628376e-07
2.3489948386582733e-07
2.255984856182247e-07
2.224435877894717e-07
2.145150122247879e-07
2.0811097811530212e-07
2.073888877657951e-07
2.0291607406635592e-07
1.9874402735266306e-07
1.9447764567589186e-07
1.872543409364412e-07
1.8421980344810835e-07
1.8208875816142397e-07
1.7798526467451644e-07
1.7362252496199706e-07
1.695199919769525e-07
1.648849448230105e-07
1.629910149652343e-07
1.5605501105701177e-07
1.5522826930328704e-07
1.4915693073242137e-07
1.4730442742659752e-07
1.4278253857645847e-07
1.3987901314076872e-07
1.3682567668789428e-07
1.3195428150847682e-07
1.2911235031123807e-07
1.2602725047751663e-07
1.2317510536578123e-07
1.1966678956578033e-07
1.1692599085503271e-07
1.1405784558026788e-07
1.1246419400518123e-07
1.1098939904101893e-07
1.0874774097455303e-07
1.0668988574553328e-07
1.0551639994710605e-07
1.0372712864786882e-07
1.0081983013645026e-07
9.824084221782094e-08
9.748375070156117e-08
9.537588458496098e-08
9.258166563968592e-08
9.03235946823878e-08
8.761601596707235e-08
8.538614918618514e-08
8.417216557295472e-08
8.135930816611768e-08
8.036737544794523e-08
7.798504152481751e-08
7.5245330495085e-08
7.472921652482956e-08
7.277527782150069e-08
7.071019044988918e-08
6.915895059678074e-08
6.702528486385983e-08
6.479855187730358e-08
6.337314208029264e-08
6.247208839371212e-08
6.10600830623969e-08
5.995902112550262e-08
5.773286710031812e-08
5.659192119253611e-08
5.5902496019083824e-08
5.519147706711693e-08
5.2628054154426465e-08
5.20947266383375e-08
5.052057041553433e-08
4.959785670788281e-08
4.8088326928129025e-08
4.765525393815363e-08
4.576353881900033e-08
4.466246068594128e-08
4.317499555332104e-08
4.1633783489008685e-08
4.1432933508336414e-08
4.086730791820539e-08
3.9505853179056405e-08
3.8702444794439395e-08
3.747969397560348e-08
3.649516761816028e-08
3.51389869914818e-08
3.4605845705475576e-08
3.326972300151187e-08
3.17397342143615e-08
3.102656297444908e-08
3.016624829800904e-08
2.9580315456028932e-08
2.796887572352751e-08
2.779037492818713e-08
2.7241017264604157e-08
2.6991443977316837e-08
2.5005326891433358e-08
2.426270118351286e-08
2.36227878072513e-08
2.2941764227169884e-08
2.1646497869604175e-08
2.09679269153373e-08
2.0487295936870074e-08
2.010843086313822e-08
1.9301226401454827e-08
1.8597039455091013e-08
1.6999884654068895e-08
1.6670068856306553e-08
1.6122570420944015e-08
1.5655631929653063e-08
1.5425042432974924e-08
1.4989513735656222e-08
1.3537830408447932e-08
1.2889015171975791e-08
1.240573164396552e-08
1.1393623976812571e-08
1.0856653167433575e-08
1.0117340534034528e-08
9.728679211389441e-09
9.236484452778287e-09
8.330774780681491e-09
7.935435870336811e-09
7.413035414599885e-09
6.983003177928052e-09
6.355250581814306e-09
5.6289771084579446e-09
4.790660556829882e-09
3.6754871692061015e-09
3.3111590840528914e-09
2.7233549004085888e-09
2.2664270997012826e-09
1.6211388188881528e-09
1.3636115624612204e-09
6.929276877306582e-10
1.5247026596317472e-10
