4.00	0.42872	2.23987574172336
4.10	0.43638	2.13652757018573
4.20	0.49502	2.0062995155486
4.30	0.47397	2.05883598261435
4.40	0.49974	2.05440711629341
4.50	0.49155	2.04010373604765
4.60	0.48008	2.01787367236756
4.70	0.51498	1.96712712826272
4.80	0.49969	1.96963023392886
4.90	0.49259	1.96481692224625
5.00	0.53055	1.89219229358003
5.10	0.54389	1.87237575473361
5.20	0.55065	1.84847443911312
5.30	0.54192	1.84664631683167
5.40	0.54458	1.82735174477821
5.50	0.54201	1.8261666963255
5.60	0.54946	1.79705582330197
5.70	0.55234	1.7791187729624
5.80	0.57148	1.74078864625394
5.90	0.58484	1.71027726787831
6.00	0.59799	1.68347944416762
6.10	0.61964	1.64049149128089
6.20	0.64060	1.60382873513972
6.30	0.64681	1.58909046870177
6.40	0.65928	1.56630088045183
6.50	0.66071	1.56362595165747
6.60	0.66480	1.55497127849792
6.70	0.66407	1.55601838676835
6.80	0.66131	1.56064676144128
6.90	0.66769	1.549103319539
7.00	0.66726	1.55078925899178
7.10	0.66113	1.56174789118373
7.20	0.66618	1.55250529873626
7.30	0.66510	1.55450365795414
7.40	0.66287	1.55966895520639
7.50	0.66241	1.56097881991827
7.60	0.66249	1.56198970224788
7.70	0.65933	1.568275867395
7.80	0.66654	1.55650935965462
7.90	0.66435	1.56104255307599
8.00	0.66530	1.56009859204975
8.10	0.66230	1.56550429432859
8.20	0.65367	1.58065205014354
8.30	0.65564	1.57787301538854
8.40	0.65658	1.5763935928163
8.50	0.66410	1.56416859883495
8.60	0.65835	1.57503171114502
8.70	0.65994	1.57290009499518
8.80	0.65407	1.58391939479274
8.90	0.65003	1.59100607194995
9.00	0.65603	1.58189706469489
9.10	0.65070	1.59093130865565
9.20	0.65373	1.58671039790819
9.30	0.64728	1.5974118236675
9.40	0.64934	1.59506143238484
9.50	0.64157	1.60805081514708
9.60	0.63761	1.61523474491276
9.70	0.63793	1.61614037045377
9.80	0.63630	1.61909617756298
9.90	0.62985	1.63040758383116
10.00	0.63098	1.62930581677795
10.10	0.62182	1.64415393976313
10.20	0.62147	1.64529925125639
10.30	0.61953	1.64873019036613
10.40	0.61313	1.65846680470027
10.50	0.61893	1.65048624607209
10.60	0.61620	1.65459353474845
10.70	0.61881	1.65190215500368
10.80	0.61856	1.65318043586192
10.90	0.61085	1.6643171869448
11.00	0.60969	1.66658458078198
11.10	0.60274	1.67801929911173
11.20	0.59988	1.68274320829972
11.30	0.60455	1.67760476411022
11.40	0.60324	1.67961552322756
11.50	0.60261	1.68158667916205
11.60	0.59871	1.68694837579361
11.70	0.60066	1.68495615675918
11.80	0.60825	1.675377905766
11.90	0.60058	1.68608135093892
12.00	0.60332	1.68279430277322
12.10	0.60087	1.68626895319739
12.20	0.60112	1.68685240257307
12.30	0.60379	1.68402141424372
12.40	0.60807	1.67979765660631
12.50	0.60288	1.68718008611921
12.60	0.60056	1.69157326019523
12.70	0.59298	1.70239561707905
12.80	0.59166	1.70466306677785
12.90	0.59057	1.70652407575414
13.00	0.58952	1.70900351523373
13.10	0.58464	1.71604800178593
13.20	0.57932	1.72312254225929
13.30	0.57398	1.73093311111195
13.40	0.57060	1.73499991506549
13.50	0.56724	1.73951032570798
13.60	0.56513	1.74242065764769
13.70	0.56377	1.74560678018874
13.80	0.56145	1.74910421879781
13.90	0.55529	1.75718440776856
14.00	0.55445	1.75925308131982
14.10	0.55465	1.76042745461949
14.20	0.55041	1.76602700764941
14.30	0.54717	1.77014621208493
14.40	0.54666	1.77145323082528
14.50	0.54476	1.77416671650511
14.60	0.54066	1.7781585722846
14.70	0.53495	1.78490423957095
14.80	0.52810	1.79249139383971
14.90	0.52912	1.79212072866719


0.10	0.21029	2.07097511685355
0.11	0.24425	2.06959114186781
0.12	0.27201	2.06811662056384
0.13	0.29513	2.06654540708539
0.14	0.31474	2.06487088869287
0.15	0.33164	2.06308595008938
0.16	0.34642	2.06118293582073
0.17	0.35953	2.05915361091254
0.18	0.37130	2.05698912000732
0.19	0.38200	2.05467994539352
0.20	0.39184	2.05221586448296
0.21	0.40098	2.04958590750175
0.22	0.40957	2.04677831642041
0.23	0.41770	2.04378050647305
0.24	0.42548	2.04057903201179
0.25	0.43296	2.03715955892389
0.26	0.44023	2.03350684641289
0.27	0.44732	2.0296047416195
0.28	0.45427	2.02543619133332
0.29	0.46113	2.02098327591567
0.30	0.46792	2.01622727149533
0.31	0.47465	2.01114874747145
0.32	0.48134	2.0057277072954
0.33	0.48800	1.99994378130285
0.34	0.49463	1.99377648088931
0.35	0.50124	1.98720552337881
0.36	0.50781	1.98021123629638
0.37	0.51433	1.97277504815352
0.38	0.52080	1.96488007000984
0.39	0.52720	1.95651176771898
0.40	0.53350	1.94765871870967
0.41	0.53970	1.93831343933372
0.42	0.54577	1.92847325938581
0.43	0.55169	1.91814120980781
0.44	0.55745	1.90732687862952
0.45	0.56304	1.89604718004913
0.46	0.56843	1.88432697376488
0.47	0.57364	1.87219946803394
0.48	0.57865	1.85970634230599
0.49	0.58346	1.84689753522647
0.50	0.58808	1.8338306621828
0.51	0.59251	1.82057005303592
0.52	0.59676	1.80718543331257
0.53	0.60085	1.79375030729203
0.54	0.60477	1.78034013407779
0.55	0.60854	1.76703041234281
0.56	0.61217	1.75389480114402
0.57	0.61566	1.74100340023716
0.58	0.61901	1.72842129387137
0.59	0.62223	1.71620743037528
0.60	0.62531	1.70441387154935
0.61	0.62826	1.69308540744059
0.62	0.63106	1.68225949934424
0.63	0.63372	1.67196649088418
0.64	0.63622	1.66223001545941
0.65	0.63857	1.65306752767238
0.66	0.64075	1.64449089438071
0.67	0.64275	1.6365069946273
0.68	0.64458	1.62911829362389
0.69	0.64624	1.62232337133369
0.70	0.64771	1.61611739898215
0.71	0.64899	1.61049256595159
0.72	0.65010	1.60543846481384
0.73	0.65102	1.60094244421893
0.74	0.65176	1.59698993885079
0.75	0.65233	1.5935647836379
0.76	0.65273	1.59064951671846
0.77	0.65295	1.58822567295378
0.78	0.65302	1.58627406747826
0.79	0.65293	1.58477506708758
0.80	0.65269	1.58370884626114
0.81	0.65231	1.58305562424558
0.82	0.65179	1.58279587978587
0.83	0.65114	1.58291054063882
0.84	0.65036	1.58338114579738
0.85	0.64947	1.584189979261
0.86	0.64846	1.58532017509992
0.87	0.64734	1.58675579440069
0.88	0.64612	1.58848187539721
0.89	0.64480	1.59048445866011
0.90	0.64339	1.5927505896342
0.91	0.64189	1.59526830108569
0.92	0.64030	1.59802657816669
0.93	0.63863	1.60101530884383
0.94	0.63689	1.6042252223929
0.95	0.63506	1.60764781855294
0.96	0.63317	1.6112752897797
0.97	0.63121	1.61510043885541
0.98	0.62918	1.61911659391286
0.99	0.62709	1.62331752272662
1.00	0.62493	1.62769734792013
1.01	0.62272	1.63225046453976
1.02	0.62046	1.63697146125814
1.03	0.61814	1.64185504629009
1.04	0.61578	1.64689597893514
1.05	0.61337	1.6520890074999
1.06	0.61092	1.65742881419912
1.07	0.60843	1.66290996748536
1.08	0.60590	1.66852688211213
1.09	0.60334	1.67427378709361
1.10	0.60075	1.68014470158536
1.11	0.59813	1.68613341857677
1.12	0.59549	1.69223349615723
1.13	0.59283	1.69843825599813
1.14	0.59015	1.70474078858318
1.15	0.58747	1.71113396462295
1.16	0.58477	1.71761045200964
1.17	0.58207	1.72416273760499
1.18	0.57937	1.73078315311209
1.19	0.57667	1.73746390425924
1.20	0.57397	1.74419710252246
1.21	0.57129	1.75097479863108
1.22	0.56861	1.75778901713693
1.23	0.56595	1.76463179137905
1.24	0.56331	1.77149519823943
1.25	0.56069	1.77837139215863
1.26	0.55810	1.78525263795752
1.27	0.55553	1.79213134209171
1.28	0.55298	1.79900008204285
1.29	0.55047	1.80585163362424
1.30	0.54799	1.81267899604464
1.31	0.54555	1.81947541463139
1.32	0.54314	1.82623440116207
1.33	0.54077	1.83294975179172
1.34	0.53844	1.83961556259135
1.35	0.53615	1.84622624273352
1.36	0.53390	1.852776525374
1.37	0.53170	1.85926147628588
1.38	0.52954	1.86567650030664
1.39	0.52742	1.87201734566041
1.40	0.52535	1.87828010621873
1.41	0.52333	1.884461221765
1.42	0.52135	1.89055747633073
1.43	0.51941	1.89656599467693
1.44	0.51752	1.90248423700057
1.45	0.51568	1.90830999195516
1.46	0.51389	1.9140413680845
1.47	0.51214	1.91967678377966
1.48	0.51043	1.92521495588063
1.49	0.50878	1.93065488705447
1.50	0.50716	1.93599585209156
1.51	0.50559	1.94123738326952
1.52	0.50407	1.94637925494016
1.53	0.50258	1.95142146749864
1.54	0.50114	1.95636423089532
1.55	0.49974	1.96120794785004
1.56	0.49838	1.96595319692532
1.57	0.49707	1.97060071561033
1.58	0.49579	1.97515138356048
1.59	0.49454	1.97960620612978
1.60	0.49334	1.9839662983238
1.61	0.49217	1.98823286929075
1.62	0.49104	1.99240720745773
1.63	0.48994	1.996490666407
1.64	0.48887	2.00048465157597
1.65	0.48783	2.00439060785137
1.66	0.48683	2.00821000811595
1.67	0.48586	2.01194434279274
1.68	0.48491	2.01559511041912
1.69	0.48400	2.01916380926953
1.70	0.48311	2.022651930033
1.71	0.48225	2.02606094953878
1.72	0.48141	2.02939232551114
1.73	0.48060	2.03264749232283
1.74	0.47982	2.03582785770589
1.75	0.47906	2.03893480036872
1.76	0.47832	2.04196966845968
1.77	0.47760	2.04493377881028
1.78	0.47690	2.04782841688508
1.79	0.47623	2.050654837361
1.80	0.47557	2.05341426525618
1.81	0.47494	2.05610789752669
1.82	0.47432	2.05873690504994
1.83	0.47372	2.06130243491485
1.84	0.47314	2.06380561294156
1.85	0.47258	2.06624754635715
1.86	0.47204	2.06862932655851
1.87	0.47151	2.07095203189878
1.88	0.47100	2.0732167304397
1.89	0.47050	2.07542448261826
1.90	0.47002	2.07757634378258
1.91	0.46956	2.07967336655825
1.92	0.46911	2.08171660301276
1.93	0.46867	2.08370710659157
1.94	0.46825	2.0856459338054
1.95	0.46785	2.08753414565371
1.96	0.46745	2.08937280877437
1.97	0.46707	2.09116299631422
1.98	0.46670	2.09290578851962
1.99	0.46635	2.09460227304985


5.00	0.10	0.53039	1.89245411279879
5.00	0.15	0.53029	1.89262604836839
5.00	0.20	0.53017	1.8928331587148
5.00	0.25	0.53004	1.89308299815105
5.00	0.30	0.52988	1.89338482857644
5.00	0.35	0.52969	1.89374998398532
5.00	0.40	0.52947	1.89419229749124
5.00	0.45	0.52921	1.89472859347187
5.00	0.50	0.52891	1.89537924238339
5.00	0.55	0.52856	1.89616876724066
5.00	0.60	0.52814	1.8971264772543
5.00	0.65	0.52765	1.89828708396447
5.00	0.70	0.52707	1.8996912267633
5.00	0.75	0.52640	1.9013857969816
5.00	0.80	0.52561	1.90342390363085
5.00	0.85	0.52469	1.90586427416066
5.00	0.90	0.52362	1.90876984150231
5.00	0.95	0.52239	1.91220525512546

5.10	0.10	0.54371	1.87265846484611
5.10	0.15	0.54359	1.87284555705303
5.10	0.20	0.54346	1.87307218363722
5.10	0.25	0.54330	1.87334713231365
5.10	0.30	0.54312	1.87368123181279
5.10	0.35	0.54290	1.8740877977753
5.10	0.40	0.54264	1.87458315733302
5.10	0.45	0.54234	1.8751872562976
5.10	0.50	0.54198	1.8759243466867
5.10	0.55	0.54155	1.87682374167193
5.10	0.60	0.54105	1.87792060801053
5.10	0.65	0.54046	1.87925674035778
5.10	0.70	0.53976	1.88088122527814
5.10	0.75	0.53893	1.8828508538186
5.10	0.80	0.53796	1.8852300810504
5.10	0.85	0.53682	1.88809026476277
5.10	0.90	0.53549	1.89150785767883
5.10	0.95	0.53396	1.89556120483105

5.20	0.10	0.55039	1.84886939688787
5.20	0.15	0.55022	1.84912709017631
5.20	0.20	0.55003	1.84943578323375
5.20	0.25	0.54980	1.84980587693431
5.20	0.30	0.54953	1.85025005735033
5.20	0.35	0.54922	1.85078378465623
5.20	0.40	0.54886	1.85142586918219
5.20	0.45	0.54843	1.85219914019494
5.20	0.50	0.54794	1.85313120699775
5.20	0.55	0.54736	1.85425530138548
5.20	0.60	0.54668	1.855611173264
5.20	0.65	0.54588	1.85724598474105
5.20	0.70	0.54495	1.85921510935681
5.20	0.75	0.54387	1.86158268991109
5.20	0.80	0.54261	1.8644217399861
5.20	0.85	0.54114	1.86781349460259
5.20	0.90	0.53945	1.87184563668885
5.20	0.95	0.53751	1.8766089738311

5.30	0.10	0.54174	1.84697188003571
5.30	0.15	0.54162	1.84718809205562
5.30	0.20	0.54148	1.84745078627723
5.30	0.25	0.54132	1.84777059488909
5.30	0.30	0.54112	1.84816069832249
5.30	0.35	0.54089	1.84863740211843
5.30	0.40	0.54061	1.84922082196984
5.30	0.45	0.54028	1.84993568541979
5.30	0.50	0.53988	1.85081225198139
5.30	0.55	0.53941	1.85188734129888
5.30	0.60	0.53884	1.85320543888127
5.30	0.65	0.53816	1.85481981783222
5.30	0.70	0.53735	1.85679356958467
5.30	0.75	0.53638	1.85920037431296
5.30	0.80	0.53522	1.86212476226291
5.30	0.85	0.53386	1.86566152589423
5.30	0.90	0.53225	1.86991385410274
5.30	0.95	0.53036	1.87498970251055

5.40	0.10	0.54455	1.82740107988925
5.40	0.15	0.54453	1.82745330916903
5.40	0.20	0.54450	1.82753436444552
5.40	0.25	0.54445	1.82765520566002
5.40	0.30	0.54438	1.82783008373629
5.40	0.35	0.54428	1.82807737009654
5.40	0.40	0.54415	1.82842055085081
5.40	0.45	0.54397	1.8288893974189
5.40	0.50	0.54373	1.82952131253732
5.40	0.55	0.54342	1.83036282763278
5.40	0.60	0.54301	1.83147118993241
5.40	0.65	0.54247	1.83291592036497
5.40	0.70	0.54179	1.8347801417921
5.40	0.75	0.54091	1.83716136994007
5.40	0.80	0.53982	1.84017133254292
5.40	0.85	0.53846	1.8439342555559
5.40	0.90	0.53680	1.84858297030981
5.40	0.95	0.53479	1.85425221999367

5.50	0.10	0.54225	1.82566223039627
5.50	0.15	0.54239	1.82537388752699
5.50	0.20	0.54255	1.82506615466372
5.50	0.25	0.54271	1.82474548711962
5.50	0.30	0.54288	1.8244216221697
5.50	0.35	0.54306	1.82410858577517
5.50	0.40	0.54323	1.823825942244
5.50	0.45	0.54339	1.82360032219241
5.50	0.50	0.54351	1.82346725417932
5.50	0.55	0.54360	1.82347330213556
5.50	0.60	0.54362	1.8236784664782
5.50	0.65	0.54355	1.82415873171112
5.50	0.70	0.54334	1.82500852670529
5.50	0.75	0.54297	1.82634269807103
5.50	0.80	0.54238	1.82829738507515
5.50	0.85	0.54151	1.83102895227745
5.50	0.90	0.54030	1.83470994713525
5.50	0.95	0.53870	1.83952101643129

5.60	0.10	0.54967	1.79667460118403
5.60	0.15	0.54979	1.79646410696476
5.60	0.20	0.54992	1.7962472269168
5.60	0.25	0.55006	1.79603241791571
5.60	0.30	0.55019	1.79583178731408
5.60	0.35	0.55032	1.79566218614892
5.60	0.40	0.55044	1.79554656819173
5.60	0.45	0.55053	1.79551565556519
5.60	0.50	0.55058	1.79560994183387
5.60	0.55	0.55057	1.79588203925375
5.60	0.60	0.55048	1.79639932934123
5.60	0.65	0.55027	1.79724679331754
5.60	0.70	0.54990	1.79852976780003
5.60	0.75	0.54933	1.80037618001888
5.60	0.80	0.54849	1.80293756522539
5.60	0.85	0.54733	1.80638788181147
5.60	0.90	0.54578	1.81091888814563
5.60	0.95	0.54377	1.81673076623726

5.70	0.10	0.55272	1.77847559377797
5.70	0.15	0.55294	1.77810421360795
5.70	0.20	0.55318	1.7777040957252
5.70	0.25	0.55344	1.77728194868076
5.70	0.30	0.55372	1.77684829387927
5.70	0.35	0.55402	1.77641869903068
5.70	0.40	0.55431	1.77601533206671
5.70	0.45	0.55460	1.77566889309291
5.70	0.50	0.55487	1.77542097537296
5.70	0.55	0.55509	1.77532688433681
5.70	0.60	0.55524	1.77545889542311
5.70	0.65	0.55528	1.7759098421542
5.70	0.70	0.55516	1.77679677637981
5.70	0.75	0.55484	1.77826421400693
5.70	0.80	0.55424	1.7804861614544
5.70	0.85	0.55328	1.78366572703251
5.70	0.90	0.55189	1.78803072963156
5.70	0.95	0.54999	1.79382348822303

5.80	0.10	0.57172	1.74033404968212
5.80	0.15	0.57185	1.74008074883851
5.80	0.20	0.57200	1.73981739893271
5.80	0.25	0.57214	1.73955323694286
5.80	0.30	0.57229	1.73930173115315
5.80	0.35	0.57243	1.73908192340157
5.80	0.40	0.57255	1.73892012801025
5.80	0.45	0.57263	1.7388520553896
5.80	0.50	0.57267	1.73892542219559
5.80	0.55	0.57262	1.73920308572495
5.80	0.60	0.57247	1.73976668454815
5.80	0.65	0.57216	1.74072066110377
5.80	0.70	0.57164	1.74219636102836
5.80	0.75	0.57085	1.74435562412307
5.80	0.80	0.56971	1.74739289133889
5.80	0.85	0.56814	1.75153437656917
5.80	0.90	0.56604	1.75703239216896
5.80	0.95	0.56332	1.76415269090514

5.90	0.10	0.58502	1.70992647919335
5.90	0.15	0.58511	1.70973940442786
5.90	0.20	0.58520	1.70955386435057
5.90	0.25	0.58530	1.7093809958079
5.90	0.30	0.58538	1.70923656206357
5.90	0.35	0.58544	1.70914240730924
5.90	0.40	0.58547	1.70912830663031
5.90	0.45	0.58545	1.70923429353355
5.90	0.50	0.58535	1.70951354534517
5.90	0.55	0.58516	1.71003588680472
5.90	0.60	0.58482	1.71089191845999
5.90	0.65	0.58429	1.71219766501805
5.90	0.70	0.58350	1.71409943586206
5.90	0.75	0.58239	1.71677825464379
5.90	0.80	0.58086	1.72045271230421
5.90	0.85	0.57882	1.72537843293242
5.90	0.90	0.57615	1.7318416247864
5.90	0.95	0.57276	1.74014372843742

6.00	0.10	0.59806	1.68329578510022
6.00	0.15	0.59809	1.68321520698977
6.00	0.20	0.59811	1.68315486193612
6.00	0.25	0.59811	1.68312902685112
6.00	0.30	0.59809	1.68315716815302
6.00	0.35	0.59803	1.68326548643125
6.00	0.40	0.59792	1.68348886130986
6.00	0.45	0.59773	1.68387327396035
6.00	0.50	0.59744	1.68447878075469
6.00	0.55	0.59701	1.68538308928687
6.00	0.60	0.59640	1.68668573208113
6.00	0.65	0.59555	1.68851271952214
6.00	0.70	0.59440	1.69102134631297
6.00	0.75	0.59286	1.69440447876876
6.00	0.80	0.59085	1.6988931170867
6.00	0.85	0.58824	1.704755295653
6.00	0.90	0.58494	1.71228855717512
6.00	0.95	0.58084	1.72180265858751

6.10	0.10	0.61947	1.64081159747908
6.10	0.15	0.61934	1.64104646460756
6.10	0.20	0.61919	1.64135051519811
6.10	0.25	0.61898	1.64174341957217
6.10	0.30	0.61872	1.64225038072521
6.10	0.35	0.61839	1.64290363428452
6.10	0.40	0.61796	1.6437443229121
6.10	0.45	0.61742	1.64482481679535
6.10	0.50	0.61672	1.64621154852897
6.10	0.55	0.61584	1.64798841052542
6.10	0.60	0.61473	1.65026071144337
6.10	0.65	0.61332	1.65315958122132
6.10	0.70	0.61154	1.65684651608456
6.10	0.75	0.60930	1.66151741641117
6.10	0.80	0.60653	1.66740493898318
6.10	0.85	0.60309	1.67477723882744
6.10	0.90	0.59890	1.68393030472104
6.10	0.95	0.59384	1.69517043898962

6.20	0.10	0.64040	1.6041444905449
6.20	0.15	0.64025	1.60438291146383
6.20	0.20	0.64007	1.60469688348014
6.20	0.25	0.63983	1.60510880118819
6.20	0.30	0.63952	1.6056474660023
6.20	0.35	0.63912	1.60634982377588
6.20	0.40	0.63862	1.60726312692743
6.20	0.45	0.63798	1.60844759450593
6.20	0.50	0.63716	1.60997963313798
6.20	0.55	0.63611	1.61195564836837
6.20	0.60	0.63479	1.61449640169583
6.20	0.65	0.63311	1.61775172621189
6.20	0.70	0.63100	1.62190516445409
6.20	0.75	0.62836	1.62717768865328
6.20	0.80	0.62506	1.63382906566293
6.20	0.85	0.62101	1.64215464584937
6.20	0.90	0.61606	1.65247453502935
6.20	0.95	0.61013	1.66511167470529

6.30	0.10	0.64666	1.58934084627055
6.30	0.15	0.64654	1.58954236281263
6.30	0.20	0.64639	1.589817790507
6.30	0.25	0.64618	1.59019100190081
6.30	0.30	0.64590	1.59069292136599
6.30	0.35	0.64554	1.59136342638239
6.30	0.40	0.64506	1.59225369218035
6.30	0.45	0.64444	1.59342904456756
6.30	0.50	0.64362	1.59497236810409
6.30	0.55	0.64257	1.59698807397154
6.30	0.60	0.64121	1.59960654679501
6.30	0.65	0.63947	1.60298883693469
6.30	0.70	0.63726	1.60733110934284
6.30	0.75	0.63447	1.61286795967211
6.30	0.80	0.63098	1.61987312631604
6.30	0.85	0.62667	1.62865536965615
6.30	0.90	0.62141	1.63954648659265
6.30	0.95	0.61510	1.65287796674923

6.40	0.10	0.65900	1.56677626887594
6.40	0.15	0.65880	1.56712070561085
6.40	0.20	0.65855	1.56756293645371
6.40	0.25	0.65823	1.56812995275281
6.40	0.30	0.65782	1.5688561886167
6.40	0.35	0.65730	1.56978548712076
6.40	0.40	0.65664	1.57097352759294
6.40	0.45	0.65581	1.57249078351479
6.40	0.50	0.65476	1.57442606221746
6.40	0.55	0.65344	1.57689063140063
6.40	0.60	0.65177	1.58002284377861
6.40	0.65	0.64967	1.58399300018917
6.40	0.70	0.64705	1.58900790228757
6.40	0.75	0.64379	1.59531408986582
6.40	0.80	0.63977	1.60319809639862
6.40	0.85	0.63485	1.61298120917096
6.40	0.90	0.62891	1.62500536307879
6.40	0.95	0.62185	1.63960641306716

6.50	0.10	0.66056	1.56385127909757
6.50	0.15	0.66044	1.56404273811099
6.50	0.20	0.66027	1.56431192979377
6.50	0.25	0.66004	1.5646852059361
6.50	0.30	0.65974	1.56519691729769
6.50	0.35	0.65934	1.56589161140874
6.50	0.40	0.65880	1.5668267470274
6.50	0.45	0.65810	1.56807599704294
6.50	0.50	0.65718	1.56973318609761
6.50	0.55	0.65599	1.57191685077595
6.50	0.60	0.65444	1.57477529707596
6.50	0.65	0.65245	1.57849182989888
6.50	0.70	0.64991	1.58328949856179
6.50	0.75	0.64670	1.58943418940547
6.50	0.80	0.64267	1.59723416341705
6.50	0.85	0.63769	1.60703321772608
6.50	0.90	0.63162	1.6191937752124
6.50	0.95	0.62435	1.63406598800887

6.60	0.10	0.66471	1.55509403489246
6.60	0.15	0.66462	1.55522300638804
6.60	0.20	0.66450	1.55542189918811
6.60	0.25	0.66432	1.55571716162769
6.60	0.30	0.66407	1.55614370836957
6.60	0.35	0.66372	1.55674733851302
6.60	0.40	0.66324	1.55758774475031
6.60	0.45	0.66260	1.55874219942418
6.60	0.50	0.66173	1.56030997157028
6.60	0.55	0.66058	1.56241745468937
6.60	0.60	0.65906	1.56522383995363
6.60	0.65	0.65707	1.56892691427545
6.60	0.70	0.65450	1.5737681478251
6.60	0.75	0.65120	1.580035613282
6.60	0.80	0.64703	1.58806243565966
6.60	0.85	0.64183	1.59821750051855
6.60	0.90	0.63545	1.61088438131596
6.60	0.95	0.62780	1.62642462084807

6.70	0.10	0.66403	1.55603984703883
6.70	0.15	0.66398	1.55610303363454
6.70	0.20	0.66389	1.55622408637618
6.70	0.25	0.66376	1.55642782633476
6.70	0.30	0.66356	1.55674746196323
6.70	0.35	0.66328	1.55722708070036
6.70	0.40	0.66288	1.55792477870581
6.70	0.45	0.66231	1.55891653255854
6.70	0.50	0.66154	1.56030088772811
6.70	0.55	0.66048	1.56220446404278
6.70	0.60	0.65907	1.56478812633148
6.70	0.65	0.65719	1.56825339333797
6.70	0.70	0.65473	1.57284820224544
6.70	0.75	0.65153	1.57887045312935
6.70	0.80	0.64745	1.58666681095634
6.70	0.85	0.64232	1.59662315290298
6.70	0.90	0.63599	1.6091422050715
6.70	0.95	0.62835	1.62460416667199

6.80	0.10	0.66133	1.56058323664414
6.80	0.15	0.66131	1.56058837428074
6.80	0.20	0.66127	1.56063843084233
6.80	0.25	0.66119	1.56075588583781
6.80	0.30	0.66106	1.56097122558741
6.80	0.35	0.66085	1.56132539645632
6.80	0.40	0.66053	1.5618729140642
6.80	0.45	0.66007	1.56268575314224
6.80	0.50	0.65941	1.56385812701251
6.80	0.55	0.65849	1.56551220926258
6.80	0.60	0.65722	1.56780471960837
6.80	0.65	0.65552	1.57093403933369
6.80	0.70	0.65324	1.57514706643589
6.80	0.75	0.65026	1.58074428219888
6.80	0.80	0.64640	1.5880804219266
6.80	0.85	0.64150	1.5975567927597
6.80	0.90	0.63539	1.60960005075025
6.80	0.95	0.62794	1.62462210884518

6.90	0.10	0.66762	1.549193497787
6.90	0.15	0.66755	1.54929632370946
6.90	0.20	0.66744	1.5494603725661
6.90	0.25	0.66728	1.54971018241939
6.90	0.30	0.66706	1.55007852556539
6.90	0.35	0.66674	1.55060889103322
6.90	0.40	0.66630	1.55135862882446
6.90	0.45	0.66570	1.55240288030424
6.90	0.50	0.66488	1.55383940103336
6.90	0.55	0.66378	1.55579432084253
6.90	0.60	0.66230	1.55842874564574
6.90	0.65	0.66035	1.56194583174598
6.90	0.70	0.65781	1.56659748073259
6.90	0.75	0.65452	1.57268902706723
6.90	0.80	0.65031	1.58057917391782
6.90	0.85	0.64503	1.59067107820755
6.90	0.90	0.63851	1.6033893477547
6.90	0.95	0.63063	1.61913784006121

7.00	0.10	0.66720	1.55083232295042
7.00	0.15	0.66713	1.55090334049854
7.00	0.20	0.66703	1.55102871784883
7.00	0.25	0.66689	1.55123176615463
7.00	0.30	0.66668	1.55154384917335
7.00	0.35	0.66638	1.55200685843411
7.00	0.40	0.66596	1.5526763629215
7.00	0.45	0.66539	1.55362556707011
7.00	0.50	0.66460	1.55495019769323
7.00	0.55	0.66353	1.55677438621345
7.00	0.60	0.66211	1.55925748252062
7.00	0.65	0.66021	1.56260147641001
7.00	0.70	0.65773	1.567058233422
7.00	0.75	0.65450	1.57293497798044
7.00	0.80	0.65037	1.58059530140234
7.00	0.85	0.64516	1.59045148462249
7.00	0.90	0.63870	1.60294250199124
7.00	0.95	0.63087	1.61849178195674

7.10	0.10	0.66118	1.5616072043295
7.10	0.15	0.66118	1.5615568766673
7.10	0.20	0.66117	1.56153697247589
7.10	0.25	0.66112	1.56156702670747
7.10	0.30	0.66103	1.56167414173063
7.10	0.35	0.66087	1.5618954524516
7.10	0.40	0.66061	1.56228130382812
7.10	0.45	0.66021	1.56289930226308
7.10	0.50	0.65964	1.56383940260772
7.10	0.55	0.65881	1.56522015408556
7.10	0.60	0.65766	1.56719611256226
7.10	0.65	0.65607	1.56996616894538
7.10	0.70	0.65392	1.57378204787908
7.10	0.75	0.65105	1.57895537614214
7.10	0.80	0.64731	1.58586040624655
7.10	0.85	0.64250	1.59492775688404
7.10	0.90	0.63645	1.60662284972298
7.10	0.95	0.62901	1.62140228470044

7.20	0.10	0.66614	1.55252991901716
7.20	0.15	0.66608	1.55258443609488
7.20	0.20	0.66600	1.55268677933392
7.20	0.25	0.66588	1.55285867208261
7.20	0.30	0.66569	1.55312957688296
7.20	0.35	0.66542	1.55353913043138
7.20	0.40	0.66504	1.55414026839932
7.20	0.45	0.66451	1.55500319588087
7.20	0.50	0.66377	1.55622036114954
7.20	0.55	0.66277	1.55791255608607
7.20	0.60	0.66141	1.56023615761613
7.20	0.65	0.65960	1.56339127501818
7.20	0.70	0.65720	1.56763007645827
7.20	0.75	0.65407	1.5732637024328
7.20	0.80	0.65004	1.58066481964507
7.20	0.85	0.64491	1.59026107121371
7.20	0.90	0.63854	1.60251292448444
7.20	0.95	0.63077	1.61786901161868

7.30	0.10	0.66521	1.55423009208942
7.30	0.15	0.66526	1.55410046423052
7.30	0.20	0.66530	1.55399313501347
7.30	0.25	0.66530	1.55392867746731
7.30	0.30	0.66526	1.55393604309772
7.30	0.35	0.66515	1.55405529162006
7.30	0.40	0.66493	1.55434108205202
7.30	0.45	0.66458	1.55486707841578
7.30	0.50	0.66402	1.55573140911478
7.30	0.55	0.66320	1.55706325760428
7.30	0.60	0.66202	1.5590305120305
7.30	0.65	0.66037	1.56184809764489
7.30	0.70	0.65810	1.56578606439004
7.30	0.75	0.65507	1.57117559263371
7.30	0.80	0.65109	1.57840973817108
7.30	0.85	0.64596	1.58793406200277
7.30	0.90	0.63953	1.60022081272725
7.30	0.95	0.63165	1.61572035153389

7.40	0.10	0.66326	1.55889498744103
7.40	0.15	0.66348	1.55845812675746
7.40	0.20	0.66369	1.55800308011092
7.40	0.25	0.66390	1.55754966435938
7.40	0.30	0.66409	1.55712738926266
7.40	0.35	0.66422	1.55677863387831
7.40	0.40	0.66426	1.55656263564824
7.40	0.45	0.66417	1.55656040843423
7.40	0.50	0.66389	1.55688066081157
7.40	0.55	0.66332	1.55766668437514
7.40	0.60	0.66239	1.5591039873892
7.40	0.65	0.66095	1.56142810965524
7.40	0.70	0.65885	1.56493150099571
7.40	0.75	0.65594	1.56996750234426
7.40	0.80	0.65202	1.57694829282996
7.40	0.85	0.64689	1.58633225910434
7.40	0.90	0.64040	1.59859507385581
7.40	0.95	0.63243	1.61417900929833

7.50	0.10	0.66283	1.56013031145581
7.50	0.15	0.66307	1.55964662741997
7.50	0.20	0.66331	1.55913800272591
7.50	0.25	0.66355	1.55862420024246
7.50	0.30	0.66377	1.55813495191781
7.50	0.35	0.66393	1.55771321679308
7.50	0.40	0.66401	1.55741924902861
7.50	0.45	0.66395	1.55733557533711
7.50	0.50	0.66369	1.55757292644101
7.50	0.55	0.66315	1.55827705521641
7.50	0.60	0.66223	1.55963617380182
7.50	0.65	0.66079	1.56188841115702
7.50	0.70	0.65870	1.56532817793522
7.50	0.75	0.65578	1.57030956587988
7.50	0.80	0.65184	1.57724385657581
7.50	0.85	0.64671	1.58658691224111
7.50	0.90	0.64021	1.59881101122697
7.50	0.95	0.63223	1.61435560845703

7.60	0.10	0.66293	1.56107739347737
7.60	0.15	0.66319	1.56055175096781
7.60	0.20	0.66345	1.55999308573777
7.60	0.25	0.66370	1.55942001920287
7.60	0.30	0.66394	1.55886109215885
7.60	0.35	0.66413	1.55835808629305
7.60	0.40	0.66423	1.55797019944085
7.60	0.45	0.66421	1.55777919356645
7.60	0.50	0.66398	1.55789558406603
7.60	0.55	0.66348	1.55846582772267
7.60	0.60	0.66260	1.55968025648608
7.60	0.65	0.66120	1.56178114094386
7.60	0.70	0.65914	1.56506967923912
7.60	0.75	0.65623	1.56990981547306
7.60	0.80	0.65230	1.57672555603954
7.60	0.85	0.64714	1.58598700038309
7.60	0.90	0.64060	1.59817919513481
7.60	0.95	0.63256	1.61374849651225

7.70	0.10	0.65987	1.56719060909084
7.70	0.15	0.66018	1.56655256213583
7.70	0.20	0.66051	1.56586090683122
7.70	0.25	0.66084	1.56513154278891
7.70	0.30	0.66117	1.5643901592931
7.70	0.35	0.66147	1.5636756648433
7.70	0.40	0.66170	1.56304453318306
7.70	0.45	0.66181	1.56257620349439
7.70	0.50	0.66174	1.5623796207853
7.70	0.55	0.66141	1.56260088404152
7.70	0.60	0.66071	1.56343174262518
7.70	0.65	0.65951	1.56511828712729
7.70	0.70	0.65766	1.56796854447895
7.70	0.75	0.65497	1.57235673079766
7.70	0.80	0.65125	1.57872061024175
7.70	0.85	0.64630	1.5875469117355
7.70	0.90	0.63995	1.59933868289301
7.70	0.95	0.63208	1.61455921733613

7.80	0.10	0.66690	1.55570246733977
7.80	0.15	0.66710	1.55524266812049
7.80	0.20	0.66729	1.55476007063736
7.80	0.25	0.66747	1.55427459794713
7.80	0.30	0.66762	1.55381629709366
7.80	0.35	0.66771	1.55342870282174
7.80	0.40	0.66770	1.55317305263814
7.80	0.45	0.66753	1.55313345768809
7.80	0.50	0.66715	1.55342307211746
7.80	0.55	0.66647	1.55419117810259
7.80	0.60	0.66538	1.55563088113909
7.80	0.65	0.66375	1.55798674702808
7.80	0.70	0.66143	1.56156115439488
7.80	0.75	0.65825	1.56671732392549
7.80	0.80	0.65403	1.57387587523039
7.80	0.85	0.64858	1.58350042544456
7.80	0.90	0.64175	1.59606661739458
7.80	0.95	0.63344	1.61200927755446

7.90	0.10	0.66480	1.5600627380663
7.90	0.15	0.66506	1.55948993159682
7.90	0.20	0.66533	1.55887320493786
7.90	0.25	0.66559	1.5582297144583
7.90	0.30	0.66584	1.55758670603507
7.90	0.35	0.66603	1.55698506195123
7.90	0.40	0.66614	1.55648379418446
7.90	0.45	0.66612	1.55616561180945
7.90	0.50	0.66589	1.5561436204109
7.90	0.55	0.66538	1.5565690645644
7.90	0.60	0.66446	1.55763976060788
7.90	0.65	0.66301	1.55960843825827
7.90	0.70	0.66088	1.56278956618669
7.90	0.75	0.65787	1.56756233870275
7.90	0.80	0.65380	1.57436634957821
7.90	0.85	0.64848	1.5836852069915
7.90	0.90	0.64175	1.59601244159094
7.90	0.95	0.63351	1.61179477365199

8.00	0.10	0.66577	1.55907660044887
8.00	0.15	0.66604	1.55847758093468
8.00	0.20	0.66632	1.55783115048152
8.00	0.25	0.66659	1.55715464292521
8.00	0.30	0.66685	1.55647577149582
8.00	0.35	0.66705	1.55583628565338
8.00	0.40	0.66717	1.55529659042838
8.00	0.45	0.66715	1.55494144342366
8.00	0.50	0.66691	1.55488676181847
8.00	0.55	0.66638	1.55528740700379
8.00	0.60	0.66544	1.5563455305747
8.00	0.65	0.66395	1.55831862300978
8.00	0.70	0.66175	1.56152577331123
8.00	0.75	0.65866	1.56634981096857
8.00	0.80	0.65450	1.57323198294148
8.00	0.85	0.64908	1.58265472457733
8.00	0.90	0.64225	1.5951072825572
8.00	0.95	0.63390	1.61102949368754

8.10	0.10	0.66287	1.5643123179794
8.10	0.15	0.66320	1.56360294363509
8.10	0.20	0.66355	1.56282631678901
8.10	0.25	0.66392	1.56199746415167
8.10	0.30	0.66427	1.56114181010142
8.10	0.35	0.66459	1.56029897630165
8.10	0.40	0.66484	1.559527608627
8.10	0.45	0.66496	1.55891135954016
8.10	0.50	0.66488	1.55856606285814
8.10	0.55	0.66453	1.55864795381327
8.10	0.60	0.66377	1.55936246964626
8.10	0.65	0.66247	1.56097267725845
8.10	0.70	0.66048	1.56380569675049
8.10	0.75	0.65759	1.56825464076689
8.10	0.80	0.65362	1.57477262932867
8.10	0.85	0.64839	1.58385448286127
8.10	0.90	0.64171	1.59600103982533
8.10	0.95	0.63351	1.61166161010947

8.20	0.10	0.65460	1.57887290477626
8.20	0.15	0.65515	1.57778933760279
8.20	0.20	0.65577	1.57657672618099
8.20	0.25	0.65643	1.57524407225151
8.20	0.30	0.65713	1.57381115251205
8.20	0.35	0.65784	1.5723127792504
8.20	0.40	0.65852	1.5708042630455
8.20	0.45	0.65912	1.56936823839978
8.20	0.50	0.65957	1.56812290505462
8.20	0.55	0.65977	1.56723151196517
8.20	0.60	0.65960	1.56691251217881
8.20	0.65	0.65891	1.56744919525206
8.20	0.70	0.65751	1.569196744922
8.20	0.75	0.65521	1.57258363668855
8.20	0.80	0.65178	1.57810326071493
8.20	0.85	0.64702	1.58629094068333
8.20	0.90	0.64075	1.59768160766979
8.20	0.95	0.63287	1.61274515704379

8.30	0.10	0.65652	1.57615124687219
8.30	0.15	0.65705	1.57510459001867
8.30	0.20	0.65763	1.57393559141993
8.30	0.25	0.65825	1.57265434605702
8.30	0.30	0.65890	1.57128187005154
8.30	0.35	0.65956	1.56985434830408
8.30	0.40	0.66017	1.56842856009264
8.30	0.45	0.66070	1.56708863306123
8.30	0.50	0.66107	1.56595416860667
8.30	0.55	0.66117	1.56518956082237
8.30	0.60	0.66089	1.56501394307339
8.30	0.65	0.66007	1.56571058924709
8.30	0.70	0.65854	1.56763374747351
8.30	0.75	0.65609	1.5712098396626
8.30	0.80	0.65252	1.57692888895016
8.30	0.85	0.64761	1.58532128210212
8.30	0.90	0.64119	1.59691512641841
8.30	0.95	0.63318	1.61217149940014

8.40	0.10	0.65747	1.57467054137717
8.40	0.15	0.65801	1.57362245849618
8.40	0.20	0.65859	1.57245166839846
8.40	0.25	0.65922	1.57116853079573
8.40	0.30	0.65988	1.56979449622523
8.40	0.35	0.66053	1.56836640949375
8.40	0.40	0.66115	1.56694200222008
8.40	0.45	0.66166	1.56560672332917
8.40	0.50	0.66201	1.56448194369456
8.40	0.55	0.66209	1.56373433957857
8.40	0.60	0.66178	1.56358585315169
8.40	0.65	0.66091	1.56432299700198
8.40	0.70	0.65932	1.56630340153142
8.40	0.75	0.65679	1.56995647419216
8.40	0.80	0.65313	1.57577405200356
8.40	0.85	0.64813	1.58428632980347
8.40	0.90	0.64162	1.59601863171883
8.40	0.95	0.63351	1.61142655718239

8.50	0.10	0.66476	1.56279972970681
8.50	0.15	0.66515	1.56198069285204
8.50	0.20	0.66556	1.56107989631232
8.50	0.25	0.66599	1.56011287614034
8.50	0.30	0.66641	1.55910648228473
8.50	0.35	0.66679	1.55810296871568
8.50	0.40	0.66710	1.55716513875082
8.50	0.45	0.66726	1.5563826465305
8.50	0.50	0.66721	1.55587944356038
8.50	0.55	0.66685	1.55582214722017
8.50	0.60	0.66605	1.55642875621663
8.50	0.65	0.66468	1.55797661282496
8.50	0.70	0.66255	1.56080780520263
8.50	0.75	0.65948	1.56532935236765
8.50	0.80	0.65529	1.57200461765399
8.50	0.85	0.64979	1.58133164118927
8.50	0.90	0.64284	1.59380387382936
8.50	0.95	0.63436	1.60985009052136

8.60	0.10	0.65928	1.57320504047161
8.60	0.15	0.65984	1.57209199241075
8.60	0.20	0.66045	1.57084716171412
8.60	0.25	0.66111	1.56948121171347
8.60	0.30	0.66180	1.56801655163684
8.60	0.35	0.66248	1.56649188242998
8.60	0.40	0.66311	1.5649679707393
8.60	0.45	0.66364	1.56353478199189
8.60	0.50	0.66398	1.56231996949356
8.60	0.55	0.66403	1.56149845095636
8.60	0.60	0.66365	1.5613023472057
8.60	0.65	0.66270	1.56202986107032
8.60	0.70	0.66097	1.56405074487614
8.60	0.75	0.65828	1.5678049756233
8.60	0.80	0.65441	1.57379044595024
8.60	0.85	0.64919	1.58253536580701
8.60	0.90	0.64245	1.59455215277688
8.60	0.95	0.63412	1.61027227502502

8.70	0.10	0.66081	1.57115690936333
8.70	0.15	0.66133	1.57009424288083
8.70	0.20	0.66190	1.5689056282979
8.70	0.25	0.66251	1.56760152643142
8.70	0.30	0.66314	1.5662038691445
8.70	0.35	0.66376	1.56475056142116
8.70	0.40	0.66433	1.56330124860965
8.70	0.45	0.66479	1.56194451846782
8.70	0.50	0.66507	1.5608065879178
8.70	0.55	0.66505	1.56006126171633
8.70	0.60	0.66460	1.55994046157376
8.70	0.65	0.66357	1.56074382655788
8.70	0.70	0.66178	1.56284476306634
8.70	0.75	0.65900	1.5666890548833
8.70	0.80	0.65504	1.57278124165025
8.70	0.85	0.64971	1.58165423775826
8.70	0.90	0.64287	1.59381975796553
8.70	0.95	0.63443	1.60970097188186

8.80	0.10	0.65525	1.58165053202301
8.80	0.15	0.65597	1.58025356140198
8.80	0.20	0.65677	1.57867733810231
8.80	0.25	0.65763	1.57692876992285
8.80	0.30	0.65855	1.57502725153221
8.80	0.35	0.65950	1.57300965484629
8.80	0.40	0.66042	1.57093665991377
8.80	0.45	0.66126	1.56890056015302
8.80	0.50	0.66193	1.56703452769087
8.80	0.55	0.66232	1.5655230342934
8.80	0.60	0.66228	1.56461262145955
8.80	0.65	0.66166	1.56462143077212
8.80	0.70	0.66025	1.56594482191384
8.80	0.75	0.65783	1.56905315051863
8.80	0.80	0.65419	1.57447677821282
8.80	0.85	0.64914	1.58277343935498
8.80	0.90	0.64251	1.59447511518989
8.80	0.95	0.63424	1.61001598630651

8.90	0.10	0.65143	1.58840947796161
8.90	0.15	0.65228	1.58680147521059
8.90	0.20	0.65324	1.58497802508305
8.90	0.25	0.65429	1.58294267625294
8.90	0.30	0.65542	1.58071198522585
8.90	0.35	0.65659	1.578320950287
8.90	0.40	0.65777	1.57582993236359
8.90	0.45	0.65888	1.57333319329521
8.90	0.50	0.65984	1.57096898883243
8.90	0.55	0.66053	1.56893078652969
8.90	0.60	0.66080	1.56747856846449
8.90	0.65	0.66046	1.56694828163558
8.90	0.70	0.65932	1.56775636453101
8.90	0.75	0.65714	1.57039515547752
8.90	0.80	0.65370	1.57541441384233
8.90	0.85	0.64880	1.58338490379526
8.90	0.90	0.64228	1.59484255821161
8.90	0.95	0.63410	1.61021602262529

9.00	0.10	0.65729	1.57947469302646
9.00	0.15	0.65806	1.57798071017134
9.00	0.20	0.65891	1.5762929003559
9.00	0.25	0.65983	1.57441808116201
9.00	0.30	0.66082	1.57237657723339
9.00	0.35	0.66182	1.57020775538089
9.00	0.40	0.66281	1.56797706559188
9.00	0.45	0.66369	1.56578470033064
9.00	0.50	0.66439	1.56377575246816
9.00	0.55	0.66478	1.56215130670376
9.00	0.60	0.66471	1.56117915919253
9.00	0.65	0.66399	1.56120180775329
9.00	0.70	0.66242	1.56263817365204
9.00	0.75	0.65977	1.56597475614385
9.00	0.80	0.65585	1.57174245565197
9.00	0.85	0.65046	1.58047766374725
9.00	0.90	0.64350	1.59266950929242
9.00	0.95	0.63492	1.60869728317394

9.10	0.10	0.65226	1.58806240122391
9.10	0.15	0.65322	1.58628014508474
9.10	0.20	0.65430	1.58425405655446
9.10	0.25	0.65549	1.58198623513824
9.10	0.30	0.65676	1.57949304035462
9.10	0.35	0.65810	1.57681128824706
9.10	0.40	0.65944	1.57400618254408
9.10	0.45	0.66072	1.57118109297003
9.10	0.50	0.66184	1.56848899287205
9.10	0.55	0.66265	1.56614480353465
9.10	0.60	0.66300	1.56443697906726
9.10	0.65	0.66268	1.56373541771688
9.10	0.70	0.66147	1.56449148541562
9.10	0.75	0.65914	1.56722532336743
9.10	0.80	0.65546	1.57249677744405
9.10	0.85	0.65025	1.58085980810485
9.10	0.90	0.64341	1.59280474425918
9.10	0.95	0.63489	1.6086950886423

9.20	0.10	0.65520	1.58396085504834
9.20	0.15	0.65611	1.5822538573462
9.20	0.20	0.65712	1.58031478529736
9.20	0.25	0.65823	1.5781468113623
9.20	0.30	0.65942	1.57576742379488
9.20	0.35	0.66066	1.57321466529546
9.20	0.40	0.66189	1.57055513045629
9.20	0.45	0.66304	1.56789382670425
9.20	0.50	0.66401	1.5653856810912
9.20	0.55	0.66466	1.56324787303811
9.20	0.60	0.66483	1.56177120867836
9.20	0.65	0.66430	1.56132745799692
9.20	0.70	0.66287	1.56236828292617
9.20	0.75	0.66029	1.5654109170294
9.20	0.80	0.65637	1.57100729454583
9.20	0.85	0.65093	1.57969739522893
9.20	0.90	0.64387	1.59195243022047
9.20	0.95	0.63519	1.60811535828437

9.30	0.10	0.64906	1.59424312958633
9.30	0.15	0.65015	1.59226162476851
9.30	0.20	0.65139	1.58999685635236
9.30	0.25	0.65276	1.58744585865706
9.30	0.30	0.65425	1.58462022521255
9.30	0.35	0.65583	1.58155292334237
9.30	0.40	0.65745	1.57830713246115
9.30	0.45	0.65902	1.57498725189209
9.30	0.50	0.66044	1.57175184818342
9.30	0.55	0.66156	1.5688275993628
9.30	0.60	0.66222	1.56652214997738
9.30	0.65	0.66217	1.56523226893716
9.30	0.70	0.66120	1.56544221799881
9.30	0.75	0.65905	1.56770677820487
9.30	0.80	0.65549	1.57261531854549
9.30	0.85	0.65034	1.58073825242733
9.30	0.90	0.64351	1.59256329244243
9.30	0.95	0.63498	1.60843169092282

9.40	0.10	0.65107	1.59193772407764
9.40	0.15	0.65213	1.58998653094814
9.40	0.20	0.65334	1.58775855811159
9.40	0.25	0.65466	1.5852520093263
9.40	0.30	0.65610	1.5824798599089
9.40	0.35	0.65761	1.57947670643332
9.40	0.40	0.65915	1.576307631636
9.40	0.45	0.66062	1.57307920674515
9.40	0.50	0.66193	1.56995235315343
9.40	0.55	0.66292	1.56715603788855
9.40	0.60	0.66342	1.56499960382358
9.40	0.65	0.66321	1.56388003634776
9.40	0.70	0.66206	1.56427913997061
9.40	0.75	0.65972	1.56674547369563
9.40	0.80	0.65598	1.57185819662798
9.40	0.85	0.65068	1.58017489791851
9.40	0.90	0.64373	1.59217074941357
9.40	0.95	0.63511	1.60817796120513

9.50	0.10	0.64372	1.60431845166297
9.50	0.15	0.64506	1.60197272141013
9.50	0.20	0.64658	1.59928066141305
9.50	0.25	0.64827	1.5962337133585
9.50	0.30	0.65013	1.59283900534335
9.50	0.35	0.65211	1.58912707395625
9.50	0.40	0.65416	1.58516194159724
9.50	0.45	0.65619	1.58105371317603
9.50	0.50	0.65809	1.57697337630622
9.50	0.55	0.65969	1.57316856245957
9.50	0.60	0.66079	1.56997752543726
9.50	0.65	0.66116	1.56783662336323
9.50	0.70	0.66052	1.56727484718462
9.50	0.75	0.65862	1.56888902156924
9.50	0.80	0.65524	1.57329724103333
9.50	0.85	0.65020	1.58107612340391
9.50	0.90	0.64342	1.5926950462682
9.50	0.95	0.63493	1.60846007787602

9.60	0.10	0.63990	1.61131383763468
9.60	0.15	0.64133	1.60883809848919
9.60	0.20	0.64295	1.60598572525471
9.60	0.25	0.64477	1.60274240417859
9.60	0.30	0.64678	1.5991089130179
9.60	0.35	0.64894	1.59510914613981
9.60	0.40	0.65119	1.5908007762507
9.60	0.45	0.65347	1.58628882784123
9.60	0.50	0.65563	1.58174193431578
9.60	0.55	0.65752	1.57741002366779
9.60	0.60	0.65894	1.57364044980066
9.60	0.65	0.65962	1.57088724667611
9.60	0.70	0.65929	1.5697060257724
9.60	0.75	0.65769	1.57072697151436
9.60	0.80	0.65456	1.57460290866017
9.60	0.85	0.64974	1.58193896785553
9.60	0.90	0.64313	1.59321978092456
9.60	0.95	0.63475	1.60875024680194

9.70	0.10	0.64024	1.61216281530585
9.70	0.15	0.64168	1.60964504794629
9.70	0.20	0.64333	1.60673838269295
9.70	0.25	0.64518	1.60342574854609
9.70	0.30	0.64722	1.59970501535192
9.70	0.35	0.64942	1.59559735920912
9.70	0.40	0.65173	1.59115851446249
9.70	0.45	0.65406	1.58649325532096
9.70	0.50	0.65628	1.58177288767803
9.70	0.55	0.65822	1.57725435238428
9.70	0.60	0.65967	1.57329753333961
9.70	0.65	0.66036	1.57037464803112
9.70	0.70	0.66000	1.5690631748863
9.70	0.75	0.65833	1.57001399918244
9.70	0.80	0.65510	1.57389232948783
9.70	0.85	0.65016	1.58130073040645
9.70	0.90	0.64342	1.59270452540567
9.70	0.95	0.63494	1.6083783134275

9.80	0.10	0.63867	1.61504572990162
9.80	0.15	0.64016	1.61247646262358
9.80	0.20	0.64186	1.60950530701617
9.80	0.25	0.64377	1.60611250348953
9.80	0.30	0.64588	1.60229287832035
9.80	0.35	0.64817	1.59806431512181
9.80	0.40	0.65058	1.5934792461139
9.80	0.45	0.65301	1.58863957634178
9.80	0.50	0.65536	1.58371489506324
9.80	0.55	0.65743	1.57896261388046
9.80	0.60	0.65902	1.57474654856336
9.80	0.65	0.65985	1.57154751490068
9.80	0.70	0.65963	1.56995676712536
9.80	0.75	0.65807	1.57064312139449
9.80	0.80	0.65494	1.57429074817722
9.80	0.85	0.65006	1.58151744545881
9.80	0.90	0.64338	1.59279549719514
9.80	0.95	0.63492	1.60839622929918

9.90	0.10	0.63255	1.62587237371605
9.90	0.15	0.63425	1.62298552132588
9.90	0.20	0.63619	1.61963739156649
9.90	0.25	0.63840	1.61580102399405
9.90	0.30	0.64085	1.61146435185869
9.90	0.35	0.64351	1.6066394235082
9.90	0.40	0.64634	1.60137503049451
9.90	0.45	0.64925	1.59577324311542
9.90	0.50	0.65209	1.59000972055201
9.90	0.55	0.65468	1.58435625844439
9.90	0.60	0.65679	1.57920155720953
9.90	0.65	0.65812	1.57506273960823
9.90	0.70	0.65836	1.57257695907548
9.90	0.75	0.65720	1.57246259890586
9.90	0.80	0.65438	1.57544710109064
9.90	0.85	0.64974	1.58217396122763
9.90	0.90	0.64320	1.59311607691707
9.90	0.95	0.63484	1.60852106132077

