-0.00654463460782734	-1
-0.00654463460782734	-1
-0.00815498419883081	1
-0.00815498419883081	1
-0.0144928492373863	-2
-0.0144928492373863	-2
-0.059162591381701	0
-0.059162591381701	0
-0.0621967075506621	-2
-0.0621967075506621	-2
-0.0678152659544048	-2
-0.0678152659544048	-2
-0.0734273700926727	-3
-0.0734273700926727	-3
-0.0847005697301561	2
-0.0847005697301561	2
-0.0952476257792045	2
-0.0952476257792045	2
-0.095279587164108	1
-0.095279587164108	1
-0.104082492673198	-1
-0.104082492673198	-1
-0.109008262461846	-1
-0.109008262461846	-1
-0.114686161766795	-2
-0.114686161766795	-2
-0.149035031501158	1
-0.149035031501158	1
-0.166529296699415	-2
-0.166529296699415	-2
-0.166688836277164	-1
-0.166688836277164	-1
-0.186986477756824	-3
-0.186986477756824	-3
-0.193016568995532	0
-0.193016568995532	0
-0.209037846276462	0
-0.209037846276462	0
-0.211635487710414	-2
-0.211635487710414	-2
-0.226774468837954	-1
-0.226774468837954	-1
-0.228073171415494	-2
-0.228073171415494	-2
-0.235589904885329	-2
-0.235589904885329	-2
-0.243723317012238	-2
-0.243723317012238	-2
-0.248352105913366	-1
-0.248352105913366	-1
-0.250930615785512	-2
-0.250930615785512	-2
-0.252081662006812	2
-0.252081662006812	2
-0.252778585058658	-2
-0.252778585058658	-2
-0.26290503646647	-2
-0.26290503646647	-2
-0.263075160663414	-2
-0.263075160663414	-2
-0.271447885127824	3
-0.271447885127824	3
-0.281994943965231	-2
-0.281994943965231	-2
-0.289045875767622	-1
-0.289045875767622	-1
-0.305516423356655	-2
-0.305516423356655	-2
-0.309491974117861	-1
-0.309491974117861	-1
-0.309951145402767	1
-0.309951145402767	1
-0.310933340279536	-3
-0.310933340279536	-3
-0.319426241004846	-2
-0.319426241004846	-2
-0.328410800823066	-3
-0.328410800823066	-3
-0.335069565620875	-1
-0.335069565620875	-1
-0.336124953311622	-1
-0.336124953311622	-1
-0.341617390265156	-1
-0.341617390265156	-1
-0.342035816483041	-1
-0.342035816483041	-1
-0.344808030543701	2
-0.344808030543701	2
-0.348510268415256	-1
-0.348510268415256	-1
-0.360066348185688	-2
-0.360066348185688	-2
-0.367780900070255	-3
-0.367780900070255	-3
-0.36907348809385	-2
-0.36907348809385	-2
-0.369779542697541	3
-0.369779542697541	3
-0.40730331384279	1
-0.40730331384279	1
-0.424063573153506	-3
-0.424063573153506	-3
-0.427911163890147	-2
-0.427911163890147	-2
-0.4418665079508	-1
-0.4418665079508	-1
-0.447716510032258	0
-0.447716510032258	0
-0.450735373109809	-2
-0.450735373109809	-2
-0.46395029900503	0
-0.46395029900503	0
-0.476631616118037	-2
-0.476631616118037	-2
-0.487811277712982	1
-0.487811277712982	1
-0.512618892256967	0
-0.512618892256967	0
-0.547868895360561	2
-0.547868895360561	2
-0.548634226632252	-2
-0.548634226632252	-2
-0.558350151787427	-1
-0.558350151787427	-1
-0.615404146436074	-2
-0.615404146436074	-2
-0.622062071230377	-2
-0.622062071230377	-2
-0.639079782347905	-2
-0.639079782347905	-2
-0.644223719703742	-2
-0.644223719703742	-2
-0.650424074224414	-3
-0.650424074224414	-3
-0.65431097703253	-3
-0.65431097703253	-3
-0.687830526957649	-1
-0.687830526957649	-1
-0.697429802081592	-3
-0.697429802081592	-3
-0.698195694461137	-3
-0.698195694461137	-3
-0.70633704225614	0
-0.70633704225614	0
-0.719684151608864	2
-0.719684151608864	2
-0.725028824922325	-3
-0.725028824922325	-3
-0.737599219515961	-1
-0.737599219515961	-1
-0.739039307299495	-3
-0.739039307299495	-3
-0.739225832371515	-3
-0.739225832371515	-3
-0.743047156038629	-2
-0.743047156038629	-2
-0.761223479171533	1
-0.761223479171533	1
-0.78084465300756	-3
-0.78084465300756	-3
-0.782826521126915	-1
-0.782826521126915	-1
-0.792143386084311	-3
-0.792143386084311	-3
-0.808485992513113	-2
-0.808485992513113	-2
-0.837066764371717	-3
-0.837066764371717	-3
-0.841969679764599	-4
-0.841969679764599	-4
-0.842119211443649	-3
-0.842119211443649	-3
-0.864167754488746	-3
-0.864167754488746	-3
-0.870160716190388	-3
-0.870160716190388	-3
-0.876870863924172	-2
-0.876870863924172	-2
-0.879980405523292	-3
-0.879980405523292	-3
-0.891651418495184	-1
-0.891651418495184	-1
-0.899130497973809	0
-0.899130497973809	0
-0.905973714071673	1
-0.905973714071673	1
-0.939727119195601	-1
-0.939727119195601	-1
-0.940596415871262	-3
-0.940596415871262	-3
-0.953616821360617	-4
-0.953616821360617	-4
-0.971465415066618	-3
-0.971465415066618	-3
-0.971734361328961	-1
-0.971734361328961	-1
-0.983017478984742	0
-0.983017478984742	0
-0.987630398397118	0
-0.987630398397118	0
-1.01248006934925	0
-1.01248006934925	0
-1.03801446359543	-2
-1.03801446359543	-2
-1.04470730219924	0
-1.04470730219924	0
-1.04678545505129	-3
-1.04678545505129	-3
-1.05923979374646	-3
-1.05923979374646	-3
-1.05933151570678	-2
-1.05933151570678	-2
-1.07283998276582	-1
-1.07283998276582	-1
-1.08894812959931	-3
-1.08894812959931	-3
-1.09943797044906	-3
-1.09943797044906	-3
-1.16560734915058	-1
-1.16560734915058	-1
-1.16587614432392	0
-1.16587614432392	0
-1.16884649891381	-3
-1.16884649891381	-3
-1.20718960951142	-2
-1.20718960951142	-2
-1.2328392980911	-3
-1.2328392980911	-3
-1.23452274546427	-4
-1.23452274546427	-4
-1.23610657808559	-1
-1.23610657808559	-1
-1.23765631483583	-3
-1.23765631483583	-3
-1.24788483509054	-1
-1.24788483509054	-1
-1.25420458272661	-3
-1.25420458272661	-3
-1.26817275258522	-1
-1.26817275258522	-1
-1.29230943422745	-4
-1.29230943422745	-4
-1.31572164408768	-2
-1.31572164408768	-2
-1.34178652243724	-3
-1.34178652243724	-3
-1.38747338764561	-3
-1.38747338764561	-3
-1.42824317710497	-3
-1.42824317710497	-3
-1.49776732195635	-2
-1.49776732195635	-2
-1.51519403660362	-2
-1.51519403660362	-2
-1.53685818688566	-3
-1.53685818688566	-3
-1.60006062909629	-2
-1.60006062909629	-2
-1.60426477312599	-1
-1.60426477312599	-1
-1.62308325052335	-1
-1.62308325052335	-1
-1.63526327089371	-3
-1.63526327089371	-3
-1.6845757070706	-2
-1.6845757070706	-2
-1.69583335818416	-1
-1.69583335818416	-1
-1.70727518037489	-3
-1.70727518037489	-3
-1.72502657892684	-3
-1.72502657892684	-3
-1.72512911782476	-2
-1.72512911782476	-2
-1.76259482757621	-2
-1.76259482757621	-2
-1.78462201117127	-4
-1.78462201117127	-4
-1.83663136955371	-3
-1.83663136955371	-3
-1.8693332067468	-2
-1.8693332067468	-2
-1.91532706886491	-3
-1.91532706886491	-3
-1.95745529310209	-3
-1.95745529310209	-3
-2.46395414413866	-3
-2.46395414413866	-3
-3.06449403020046	-3
-3.06449403020046	-3
-3.30408034909595	-2
-3.30408034909595	-2
0.000549527206742118	0
0.000549527206742118	0
0.00242614971917251	-1
0.00242614971917251	-1
0.004752568977217	0
0.004752568977217	0
0.00638601873400256	-1
0.00638601873400256	-1
0.00747540376864958	0
0.00747540376864958	0
0.0094856256866625	0
0.0094856256866625	0
0.0150170097815045	-4
0.0150170097815045	-4
0.0231426030702282	-1
0.0231426030702282	-1
0.0506101396349221	-1
0.0506101396349221	-1
0.0550929109114431	-3
0.0550929109114431	-3
0.0553641532020362	-2
0.0553641532020362	-2
0.0614369157917614	-1
0.0614369157917614	-1
0.0899402759395411	-1
0.0899402759395411	-1
0.0955213511345195	-2
0.0955213511345195	-2
0.0996499455328	-4
0.0996499455328	-4
0.101074303555012	0
0.101074303555012	0
0.127116744970053	-1
0.127116744970053	-1
0.149517773193526	-1
0.149517773193526	-1
0.152129269024136	1
0.152129269024136	1
0.167260183018287	0
0.167260183018287	0
0.196215968443706	2
0.196215968443706	2
0.209166357703244	0
0.209166357703244	0
0.247812688125239	0
0.247812688125239	0
0.273399878567426	-1
0.273399878567426	-1
0.29891982581262	-1
0.29891982581262	-1
0.30569882095995	-1
0.30569882095995	-1
0.316430753881349	-1
0.316430753881349	-1
0.323678886343092	0
0.323678886343092	0
0.334234273184344	-2
0.334234273184344	-2
0.338656028308594	-2
0.338656028308594	-2
0.375480364712759	-2
0.375480364712759	-2
0.407415552857104	-1
0.407415552857104	-1
0.411950752356302	0
0.411950752356302	0
0.416970372453985	-2
0.416970372453985	-2
0.426328751979807	0
0.426328751979807	0
0.508625614490506	-1
0.508625614490506	-1
0.521029958915981	1
0.521029958915981	1
0.654251342516778	0
0.654251342516778	0
0.669570664941459	-1
0.669570664941459	-1
0.693149367930843	-4
0.693149367930843	-4
0.707231848877948	1
0.707231848877948	1
0.758722400757328	-1
0.758722400757328	-1
0.785535981030149	1
0.785535981030149	1
0.855154451963848	-3
0.855154451963848	-3
